0
4
5
7
8
9
10
17
18
20
32
47
53
56
64
84
93
94
106
114
127
143
150
152
158
160
161
162
164
165
170
172
178
180
188
189
190
201
204
206
207
209
210
213
220
221
222
227
228
235
1
12
14
15
31
34
35
38
49
52
59
62
65
73
85
86
88
96
97
98
104
109
110
113
121
122
126
133
136
138
140
145
146
148
149
151
154
155
168
169
171
174
177
181
185
187
191
192
196
197
200
203
208
211
212
219
223
232
2
48
57
60
61
63
71
72
74
75
78
81
102
225
233
6
11
19
23
24
25
26
28
29
30
33
37
39
40
42
46
50
54
55
58
66
68
69
70
77
79
80
87
90
91
95
99
100
103
105
107
108
111
117
119
120
123
128
129
130
131
132
134
135
139
144
153
163
173
175
176
179
186
193
194
215
226
21
51
67
82
83
92
101
112
141
166
184
22
89
124
159
183
195
198
205
216
45
217
218